              precision    recall  f1-score   support

      CWE-78       1.00      1.00      1.00      1723
      CWE-90       1.00      1.00      1.00       246
     CWE-134       1.00      0.98      0.99       964
     CWE-190       0.97      0.98      0.97      1672
     CWE-191       1.00      1.00      1.00      1050
     CWE-252       1.00      0.99      1.00       127
     CWE-284       0.95      0.29      0.44       125
     CWE-327       0.90      1.00      0.95        18
     CWE-369       1.00      0.97      0.98       268
     CWE-400       0.92      0.96      0.94       271
     CWE-404       1.00      0.59      0.75       138
     CWE-415       0.99      0.92      0.96       372
     CWE-416       0.68      0.90      0.78       200
     CWE-426       1.00      1.00      1.00       164
     CWE-476       0.45      0.83      0.59       123
     CWE-617       0.98      0.96      0.97       170
     CWE-665       1.00      0.98      0.99        84
     CWE-674       1.00      0.33      0.50         3
     CWE-835       0.00      0.00      0.00         9

    accuracy                           0.96      7727
   macro avg       0.89      0.83      0.83      7727
weighted avg       0.97      0.96      0.96      7727
