              precision    recall  f1-score   support

      CWE-17       0.00      0.00      0.00         8
      CWE-18       0.00      0.00      0.00         5
      CWE-19       0.00      0.00      0.00        15
      CWE-20       0.37      0.49      0.42       251
      CWE-22       0.00      0.00      0.00        10
      CWE-59       0.00      0.00      0.00         5
      CWE-77       0.00      0.00      0.00         2
      CWE-78       0.00      0.00      0.00         4
      CWE-79       0.00      0.00      0.00        12
      CWE-89       0.00      0.00      0.00         3
      CWE-94       0.00      0.00      0.00         1
     CWE-119       0.39      0.57      0.47       425
     CWE-120       0.00      0.00      0.00         3
     CWE-125       0.45      0.26      0.33       145
     CWE-134       0.00      0.00      0.00        17
     CWE-189       0.05      0.02      0.03        42
     CWE-190       0.40      0.15      0.22        52
     CWE-200       0.11      0.37      0.16        68
     CWE-254       0.00      0.00      0.00        29
     CWE-255       0.00      0.00      0.00         6
     CWE-264       0.16      0.10      0.12        87
     CWE-269       0.00      0.00      0.00        13
     CWE-284       0.11      0.13      0.12        15
     CWE-285       0.00      0.00      0.00         5
     CWE-287       0.00      0.00      0.00         3
     CWE-295       0.00      0.00      0.00         3
     CWE-310       0.29      0.37      0.33        19
     CWE-311       0.00      0.00      0.00         8
     CWE-320       0.00      0.00      0.00         2
     CWE-347       0.00      0.00      0.00         3
     CWE-354       0.00      0.00      0.00         5
     CWE-358       0.00      0.00      0.00        18
     CWE-362       0.07      0.07      0.07        46
     CWE-369       0.00      0.00      0.00         8
     CWE-388       0.00      0.00      0.00         2
     CWE-399       0.10      0.14      0.11       109
     CWE-400       0.00      0.00      0.00        10
     CWE-404       0.00      0.00      0.00         5
     CWE-415       0.00      0.00      0.00         6
     CWE-416       0.00      0.00      0.00        63
     CWE-476       0.06      0.04      0.05        49
     CWE-611       0.00      0.00      0.00         1
     CWE-617       0.00      0.00      0.00         3
     CWE-665       0.00      0.00      0.00         2
     CWE-674       0.00      0.00      0.00         3
     CWE-682       0.00      0.00      0.00         1
     CWE-704       0.00      0.00      0.00         8
     CWE-732       0.00      0.00      0.00         4
     CWE-754       0.00      0.00      0.00         5
     CWE-770       0.00      0.00      0.00         1
     CWE-772       0.00      0.00      0.00         9
     CWE-787       0.67      0.03      0.05        73
     CWE-834       0.00      0.00      0.00         4
     CWE-835       0.00      0.00      0.00         5

    accuracy                           0.28      1701
   macro avg       0.06      0.05      0.05      1701
weighted avg       0.26      0.28      0.25      1701
