              precision    recall  f1-score   support

      CWE-78       1.00      1.00      1.00      1640
      CWE-90       1.00      1.00      1.00       164
     CWE-134       1.00      1.00      1.00      1032
     CWE-190       1.00      1.00      1.00      1428
     CWE-191       1.00      1.00      1.00       994
     CWE-252       1.00      1.00      1.00       126
     CWE-284       1.00      1.00      1.00        54
     CWE-327       1.00      1.00      1.00        18
     CWE-369       1.00      0.99      1.00       344
     CWE-400       1.00      1.00      1.00       258
     CWE-404       1.00      1.00      1.00       164
     CWE-415       1.00      1.00      1.00       430
     CWE-416       1.00      1.00      1.00       125
     CWE-426       1.00      1.00      1.00        82
     CWE-476       1.00      1.00      1.00       140
     CWE-617       1.00      1.00      1.00       164
     CWE-665       1.00      1.00      1.00        82
     CWE-674       0.00      0.00      0.00         1
     CWE-835       0.67      1.00      0.80         2

    accuracy                           1.00      7248
   macro avg       0.93      0.95      0.94      7248
weighted avg       1.00      1.00      1.00      7248
