              precision    recall  f1-score   support

      CWE-78       0.99      1.00      1.00      1723
      CWE-90       1.00      1.00      1.00       246
     CWE-134       0.99      0.98      0.99       964
     CWE-190       0.99      0.96      0.98      1672
     CWE-191       1.00      1.00      1.00      1050
     CWE-252       1.00      0.99      1.00       127
     CWE-284       1.00      0.30      0.46       125
     CWE-327       0.90      1.00      0.95        18
     CWE-369       1.00      0.96      0.98       268
     CWE-400       0.99      0.95      0.97       271
     CWE-404       0.99      0.60      0.75       138
     CWE-415       0.99      0.92      0.96       372
     CWE-416       0.51      0.97      0.67       200
     CWE-426       1.00      1.00      1.00       164
     CWE-476       0.47      0.73      0.57       123
     CWE-617       0.99      0.96      0.98       170
     CWE-665       1.00      0.98      0.99        84
     CWE-674       0.00      0.00      0.00         3
     CWE-835       0.00      0.00      0.00         9

    accuracy                           0.96      7727
   macro avg       0.83      0.81      0.80      7727
weighted avg       0.97      0.96      0.96      7727
