              precision    recall  f1-score   support

      CWE-15       0.00      0.00      0.00         0
      CWE-17       0.00      0.00      0.00         8
      CWE-18       1.00      0.20      0.33         5
      CWE-19       1.00      0.07      0.12        15
      CWE-20       0.35      0.34      0.34       251
      CWE-22       0.00      0.00      0.00        10
      CWE-23       1.00      1.00      1.00       820
      CWE-36       1.00      1.00      1.00       820
      CWE-59       0.10      0.60      0.17         5
      CWE-74       0.00      0.00      0.00         2
      CWE-77       0.00      0.00      0.00         2
      CWE-78       1.00      1.00      1.00      1644
      CWE-79       0.20      0.08      0.12        12
      CWE-89       0.00      0.00      0.00         3
      CWE-90       1.00      1.00      1.00       164
      CWE-94       0.00      0.00      0.00         1
     CWE-114       1.00      0.98      0.99       246
     CWE-119       0.32      0.38      0.35       425
     CWE-120       0.00      0.00      0.00         3
     CWE-121       1.00      0.99      1.00      1580
     CWE-122       1.00      1.00      1.00      2140
     CWE-123       1.00      1.00      1.00        82
     CWE-124       1.00      0.99      1.00       743
     CWE-125       0.39      0.30      0.34       145
     CWE-126       0.98      1.00      0.99       554
     CWE-127       1.00      0.99      1.00       743
     CWE-129       0.00      0.00      0.00         1
     CWE-134       1.00      0.98      0.99      1049
     CWE-172       0.00      0.00      0.00         2
     CWE-188       1.00      1.00      1.00        18
     CWE-189       0.19      0.14      0.16        42
     CWE-190       1.00      0.97      0.98      1480
     CWE-191       1.00      1.00      1.00       995
     CWE-194       1.00      1.00      1.00       410
     CWE-195       0.94      1.00      0.97       410
     CWE-197       1.00      0.98      0.99       328
     CWE-200       0.10      0.12      0.11        68
     CWE-226       1.00      1.00      1.00        18
     CWE-244       1.00      1.00      1.00        18
     CWE-252       1.00      1.00      1.00       126
     CWE-253       1.00      1.00      1.00       144
     CWE-254       0.00      0.00      0.00        29
     CWE-255       0.00      0.00      0.00         6
     CWE-256       1.00      1.00      1.00        86
     CWE-259       1.00      1.00      1.00        82
     CWE-264       0.11      0.33      0.17        87
     CWE-269       0.42      0.38      0.40        13
     CWE-272       1.00      1.00      1.00        54
     CWE-273       1.00      1.00      1.00        18
     CWE-284       0.79      0.83      0.81        69
     CWE-285       0.00      0.00      0.00         5
     CWE-287       0.00      0.00      0.00         3
     CWE-295       0.00      0.00      0.00         3
     CWE-310       0.20      0.16      0.18        19
     CWE-311       0.00      0.00      0.00         8
     CWE-319       1.00      1.00      1.00        86
     CWE-320       0.00      0.00      0.00         2
     CWE-321       1.00      1.00      1.00        82
     CWE-325       1.00      1.00      1.00        18
     CWE-327       1.00      0.95      0.97        19
     CWE-328       1.00      1.00      1.00        18
     CWE-345       0.00      0.00      0.00         1
     CWE-346       0.00      0.00      0.00         2
     CWE-347       0.00      0.00      0.00         3
     CWE-354       0.00      0.00      0.00         5
     CWE-358       0.00      0.00      0.00        18
     CWE-362       0.07      0.02      0.03        46
     CWE-366       1.00      1.00      1.00        18
     CWE-367       1.00      1.00      1.00        18
     CWE-369       0.99      0.98      0.98       352
     CWE-377       1.00      1.00      1.00        36
     CWE-388       0.00      0.00      0.00         2
     CWE-390       1.00      1.00      1.00        18
     CWE-391       1.00      1.00      1.00        18
     CWE-396       1.00      1.00      1.00        18
     CWE-397       1.00      1.00      1.00         1
     CWE-398       1.00      1.00      1.00        37
     CWE-399       0.16      0.33      0.22       109
     CWE-400       0.96      0.93      0.95       268
     CWE-401       1.00      1.00      1.00       642
     CWE-404       0.95      0.97      0.96       169
     CWE-415       0.91      0.99      0.95       436
     CWE-416       0.86      0.67      0.75       188
     CWE-426       1.00      0.96      0.98        85
     CWE-427       1.00      1.00      1.00       164
     CWE-457       1.00      1.00      1.00       202
     CWE-459       1.00      1.00      1.00        18
     CWE-467       1.00      1.00      1.00        18
     CWE-468       1.00      1.00      1.00        18
     CWE-469       1.00      1.00      1.00        18
     CWE-475       1.00      1.00      1.00        18
     CWE-476       0.77      0.78      0.78       189
     CWE-483       1.00      1.00      1.00         1
     CWE-502       0.00      0.00      0.00         1
     CWE-506       1.00      1.00      1.00        35
     CWE-510       1.00      1.00      1.00        18
     CWE-511       0.95      1.00      0.97        18
     CWE-532       0.00      0.00      0.00         1
     CWE-534       1.00      1.00      1.00        18
     CWE-535       1.00      1.00      1.00        18
     CWE-546       1.00      1.00      1.00        18
     CWE-561       0.00      0.00      0.00         1
     CWE-562       1.00      1.00      1.00         1
     CWE-563       1.00      1.00      1.00       183
     CWE-570       1.00      1.00      1.00         4
     CWE-571       1.00      1.00      1.00         4
     CWE-588       0.98      1.00      0.99        65
     CWE-590       1.00      1.00      1.00       910
     CWE-591       1.00      1.00      1.00        82
     CWE-601       0.00      0.00      0.00         1
     CWE-606       1.00      1.00      1.00       172
     CWE-611       0.33      1.00      0.50         1
     CWE-617       1.00      0.98      0.99       167
     CWE-665       1.00      0.98      0.99        84
     CWE-666       1.00      1.00      1.00        18
     CWE-674       0.00      0.00      0.00         4
     CWE-675       1.00      1.00      1.00        86
     CWE-680       1.00      0.99      0.99       246
     CWE-681       1.00      1.00      1.00        18
     CWE-682       0.00      0.00      0.00         1
     CWE-690       1.00      1.00      1.00       328
     CWE-704       0.50      0.12      0.20         8
     CWE-732       0.00      0.00      0.00         4
     CWE-754       0.00      0.00      0.00         5
     CWE-755       0.00      0.00      0.00         1
     CWE-758       1.00      1.00      1.00       144
     CWE-761       1.00      1.00      1.00       246
     CWE-762       1.00      1.00      1.00      1212
     CWE-770       0.00      0.00      0.00         1
     CWE-772       0.00      0.00      0.00         9
     CWE-773       1.00      1.00      1.00        82
     CWE-775       1.00      1.00      1.00        82
     CWE-787       0.15      0.03      0.05        73
     CWE-789       0.99      1.00      1.00       344
     CWE-824       0.00      0.00      0.00         1
     CWE-834       0.00      0.00      0.00         4
     CWE-835       0.33      0.29      0.31         7
     CWE-843       1.00      1.00      1.00        65
     CWE-862       0.00      0.00      0.00         1
     CWE-918       0.00      0.00      0.00         1

    accuracy                           0.94     24168
   macro avg       0.64      0.63      0.62     24168
weighted avg       0.95      0.94      0.94     24168
