              precision    recall  f1-score   support

      CWE-78       0.99      1.00      1.00      1723
      CWE-90       0.99      1.00      1.00       246
     CWE-134       0.99      0.98      0.99       964
     CWE-190       0.97      0.98      0.97      1672
     CWE-191       1.00      1.00      1.00      1050
     CWE-252       1.00      0.99      1.00       127
     CWE-284       0.45      0.39      0.42       125
     CWE-327       1.00      1.00      1.00        18
     CWE-369       0.97      0.98      0.97       268
     CWE-400       0.98      0.96      0.97       271
     CWE-404       0.91      0.59      0.72       138
     CWE-415       1.00      0.93      0.96       372
     CWE-416       0.69      0.93      0.79       200
     CWE-426       1.00      1.00      1.00       164
     CWE-476       0.64      0.72      0.68       123
     CWE-617       0.99      0.95      0.97       170
     CWE-665       1.00      0.98      0.99        84
     CWE-674       0.00      0.00      0.00         3
     CWE-835       0.18      0.33      0.23         9

    accuracy                           0.96      7727
   macro avg       0.83      0.83      0.82      7727
weighted avg       0.96      0.96      0.96      7727
